	masa A		
t	x	y	
0.000	-5.100E-6	1.020E-5
0.017	-1.020E-5	1.020E-5
0.034	-1.020E-5	-1.071E-4
0.051	-2.040E-5	-1.479E-4
0.068	-1.530E-5	-2.142E-4
0.085	-1.530E-5	-1.479E-4
0.102	-2.040E-5	-2.040E-5
0.120	-2.040E-5	1.530E-5
0.137	-1.020E-5	-1.020E-4
0.154	-1.530E-5	-7.140E-5
0.171	-2.040E-5	-1.734E-4
0.188	-1.020E-5	-2.040E-5
0.205	-1.020E-5	-5.100E-5
0.222	-1.020E-5	-5.100E-5
0.239	-1.020E-5	-1.479E-4
0.256	-1.530E-5	-6.630E-5
0.273	-5.100E-6	-1.275E-4
0.290	-1.020E-5	-3.060E-5
0.307	-1.020E-5	-4.590E-5
0.325	-5.100E-6	-5.100E-5
0.342	-5.100E-6	-1.479E-4
0.359	-5.100E-6	-1.326E-4
0.376	-1.530E-5	-1.530E-5
0.393	-5.100E-6	-7.650E-5
0.410	0.000	-1.683E-4
0.427	-1.530E-5	-1.683E-4
0.444	-1.530E-5	-1.377E-4
0.461	-1.020E-5	3.060E-5
0.478	-1.020E-5	1.530E-5
0.495	-5.100E-6	-8.160E-5
0.512	-1.020E-5	-1.173E-4
0.530	-1.020E-5	-2.244E-4
0.547	0.000	-1.377E-4
0.564	-5.100E-6	-5.610E-5
0.581	-5.100E-6	-3.570E-5
0.598	-1.530E-5	-1.377E-4
0.615	-1.530E-5	-1.071E-4
0.632	-1.020E-5	-1.275E-4
0.649	-1.530E-5	-3.570E-5
0.666	-1.020E-5	-3.060E-5
0.683	-1.020E-5	-3.570E-5
0.700	-5.100E-6	-1.530E-4
0.717	-1.530E-5	-1.020E-4
0.735	-2.550E-5	-1.632E-4
0.752	-1.530E-5	-2.550E-5
0.769	-1.530E-5	-3.570E-5
0.786	-2.040E-5	-1.530E-5
0.803	-1.530E-5	-3.060E-5
0.820	-5.100E-6	-1.275E-4
0.837	-1.530E-5	-1.581E-4
0.854	-1.530E-5	-1.428E-4
0.871	-1.530E-5	-7.140E-5
0.888	-1.530E-5	-3.060E-5
0.905	-1.530E-5	-1.122E-4
0.922	-5.100E-6	-1.734E-4
0.940	-5.100E-6	-1.785E-4
0.957	-3.061E-5	-1.002E-4
0.974	-3.061E-5	-2.307E-5
0.991	-4.346E-5	2.634E-6
1.008	-4.346E-5	-8.734E-5
1.025	-4.346E-5	-8.734E-5
1.042	-3.061E-5	-1.645E-4
1.059	-3.061E-5	-1.259E-4
1.076	-3.061E-5	-3.593E-5
1.093	-3.061E-5	-1.516E-4
1.110	-1.775E-5	-6.163E-5
1.127	-1.775E-5	-1.645E-4
1.145	-1.775E-5	-6.163E-5
1.162	-3.061E-5	-2.307E-5
1.179	-4.346E-5	-1.022E-5
1.196	-3.061E-5	-1.645E-4
1.213	-4.346E-5	-8.734E-5
1.230	-4.346E-5	-3.593E-5
1.247	-4.346E-5	-6.163E-5
1.264	-4.346E-5	-7.449E-5
1.281	-4.346E-5	-1.516E-4
1.298	-4.346E-5	-1.516E-4
1.315	-4.346E-5	-1.388E-4
1.332	-4.346E-5	-2.307E-5
1.350	-4.346E-5	-3.593E-5
1.367	-4.346E-5	-8.734E-5
1.384	-4.346E-5	-1.388E-4
1.401	-3.061E-5	-2.287E-4
1.418	-3.061E-5	-1.645E-4
1.435	-4.346E-5	-1.022E-5
1.452	-4.346E-5	-3.593E-5
1.469	-4.346E-5	-1.388E-4
1.486	-4.346E-5	-8.734E-5
1.503	-3.061E-5	-1.902E-4
1.520	-4.346E-5	-1.259E-4
1.537	-6.917E-5	-3.593E-5
1.554	-3.061E-5	-3.593E-5
1.572	-4.346E-5	-1.645E-4
1.589	-5.632E-5	-1.130E-4
1.606	-5.632E-5	-1.130E-4
1.623	-5.632E-5	-1.902E-4
1.640	-5.632E-5	-1.002E-4
1.657	-4.346E-5	-3.593E-5
1.674	-4.346E-5	-4.878E-5
1.691	-1.775E-5	-1.773E-4
1.708	-3.061E-5	-1.130E-4
1.725	-8.202E-5	-1.516E-4
1.742	-5.632E-5	-2.307E-5
1.759	-4.346E-5	-4.878E-5
1.777	-4.346E-5	-6.163E-5
1.794	-1.775E-5	-2.287E-4
1.811	-1.775E-5	-2.159E-4
1.828	-4.346E-5	-1.022E-5
1.845	-3.061E-5	-2.307E-5
1.862	-5.632E-5	-1.130E-4
1.879	-5.632E-5	-1.388E-4
1.896	-5.632E-5	-2.287E-4
1.913	-5.632E-5	-1.516E-4
1.930	-5.632E-5	-4.878E-5
1.947	-4.346E-5	1.549E-5
1.964	-4.346E-5	-1.002E-4
1.982	-6.917E-5	-1.002E-4
1.999	-6.917E-5	-1.259E-4
2.016	-6.917E-5	-4.878E-5
2.033	-5.632E-5	-2.307E-5
2.050	-5.632E-5	-1.259E-4
2.067	-5.632E-5	-2.307E-5
2.084	-5.632E-5	-1.773E-4
2.101	-5.632E-5	-4.878E-5
2.118	-5.632E-5	-1.022E-5
2.135	-5.632E-5	-4.878E-5
2.152	-5.632E-5	-1.516E-4
2.169	-5.632E-5	-1.259E-4
2.187	-5.632E-5	-1.645E-4
2.204	-5.632E-5	-3.593E-5
2.221	-4.346E-5	-2.307E-5
2.238	-5.632E-5	-2.307E-5
2.255	-3.061E-5	-2.030E-4
2.272	-3.061E-5	-2.159E-4
2.289	-3.061E-5	-2.416E-4
2.306	-4.346E-5	-3.593E-5
2.323	-4.346E-5	-7.449E-5
2.340	-4.346E-5	-1.516E-4
2.357	-3.061E-5	-1.902E-4
2.374	-5.632E-5	-2.416E-4
2.392	-5.632E-5	-1.645E-4
2.409	-5.632E-5	-2.030E-4
2.426	-4.346E-5	-6.163E-5
2.443	-3.061E-5	2.834E-5
2.460	-3.061E-5	-1.516E-4
2.477	-4.346E-5	-8.734E-5
2.494	-3.061E-5	-2.030E-4
2.511	-3.061E-5	-6.163E-5
2.528	-4.346E-5	-7.449E-5
2.545	-4.346E-5	-1.388E-4
2.562	-4.346E-5	-8.734E-5
2.579	-4.346E-5	-1.773E-4
2.597	-4.346E-5	-4.878E-5
2.614	-5.632E-5	-1.022E-5
2.631	-5.632E-5	-1.022E-5
2.648	-3.061E-5	-1.516E-4
2.665	-3.061E-5	-1.516E-4
2.682	-6.917E-5	-1.773E-4
2.699	-4.346E-5	2.634E-6
2.716	-6.917E-5	1.549E-5
2.733	-3.061E-5	-3.593E-5
2.750	-3.061E-5	-1.388E-4
2.767	-4.346E-5	-2.287E-4
2.784	-4.346E-5	-2.159E-4
2.802	-5.632E-5	-2.307E-5
2.819	-5.632E-5	4.120E-5
2.836	-3.061E-5	-1.645E-4
2.853	-5.632E-5	-1.773E-4
2.870	-3.061E-5	-1.259E-4
2.887	-4.346E-5	2.634E-6
2.904	-4.346E-5	-2.307E-5
2.921	-3.061E-5	-1.388E-4
2.938	-3.061E-5	-1.002E-4
2.955	-3.061E-5	-2.287E-4
2.972	-4.346E-5	-1.130E-4
2.989	-4.346E-5	-6.163E-5
3.006	-4.346E-5	-2.307E-5
3.024	-3.061E-5	-2.030E-4
3.041	-3.061E-5	-1.516E-4
3.058	-3.061E-5	-2.159E-4
3.075	-3.061E-5	-2.307E-5
3.092	-3.061E-5	-3.593E-5
3.109	-1.775E-5	-2.307E-5
3.126	-1.775E-5	-2.287E-4
3.143	-3.061E-5	-8.734E-5
3.160	-1.775E-5	-1.516E-4
3.177	-1.775E-5	-1.022E-5
3.194	-3.061E-5	4.120E-5
3.211	-4.900E-6	1.549E-5
3.229	-1.775E-5	-2.030E-4
3.246	-3.061E-5	-2.159E-4
3.263	-3.061E-5	-1.773E-4
3.280	-3.061E-5	2.834E-5
3.297	-1.775E-5	5.405E-5
3.314	-3.061E-5	-8.734E-5
3.331	-3.061E-5	-2.287E-4
3.348	-3.061E-5	-2.416E-4
3.365	-4.346E-5	-2.159E-4
3.382	-4.346E-5	-6.163E-5
3.399	-4.346E-5	-4.878E-5
3.416	-3.061E-5	-1.645E-4
3.434	-3.061E-5	-1.388E-4
3.451	-3.061E-5	-1.902E-4
3.468	-3.061E-5	-8.734E-5
